0   0   22 21 24 32 15 15 24 24 16 16 22 24 24 22 
0   0   21 21 23 23 27 26 26 26 26 25 24 31 31 23 
0   0   21 16 16 16 15 15 21 21 22 22 24 23 26 26 
0   0   47 47 47 47 47 47 47 47 46 46 46 46 16 21 
25 24 22 27 21 22 15 15 22 24 21 22 27 22 21 22 
16 21 24 24 27 21 32 25 25 26 26 23 24 26 23 23 
21 22 24 16 21 24 22 24 32 31 31 24 26 22 21 25 
21 23 26 26 24 24 31 31 25 15 15 15 26 26 33 33 
27 27 27 26 26 27 15 15 16 21 22 24 22 24 26 33 
24 24 32 32 32 32 31 31 27 25 25 25 27 32 32 22 
0   26 26 26 26 25 25 25 21 21 16 23 23 26 21 22 
26 22 22 23 23 23 24 22 0   0   0   0   27 25 24 22 
22 22 21 24 24 24 25 21 22 22 16 27 22 26 26 26 
23 32 22 22 33 33 26 26 26 23 15 15 22 25 25 25 
25 21 22 23 23 21 24 27 21 21 16 16 16 16 22 23 
31 32 21 24 22 23 21 22 0   0   0   0   0   0   0   0   
