0   0   24 21 21 22 22 21 21 23 21 32 21 21 21 22 
0   0   22 21 22 22 26 25 25 23 23 21 22 24 22 31 
0   0   21 21 22 23 23 22 22 22 21 21 24 21 22 26 
0   0   35 35 35 35 24 24 23 24 24 23 23 26 22 24 
26 25 25 26 16 21 24 22 24 22 31 27 31 31 21 21 
21 22 25 23 15 15 23 32 32 32 32 31 31 26 26 25 
21 22 21 22 21 22 41 41 41 41 41 41 41 41 35 35 
26 26 25 24 22 22 22 26 15 17 17 13 13 13 23 23 
23 23 23 22 21 24 22 22 16 16 16 21 23 21 22 21 
27 21 21 22 23 23 22 22 22 22 23 25 24 27 21 26 
0   31 31 32 32 25 23 23 21 24 22 22 25 27 24 22 
27 21 22 21 22 15 15 22 0   0   0   0   16 21 25 21 
26 17 17 16 16 16 16 21 21 21 22 22 22 31 31 31 
21 24 25 22 22 16 16 16 21 21 22 24 22 23 26 26 
21 22 25 32 31 32 32 32 22 22 22 23 22 24 21 21 
21 23 22 22 24 25 22 22 0   0   0   0   0   0   0   0   
