0   0   24 21 21 16 16 16 21 32 16 15 15 21 22 22 
0   0   22 21 22 24 26 24 27 21 22 22 26 21 22 27 
0   0   21 22 21 22 25 17 17 17 22 24 24 26 22 22 
0   0   24 21 22 21 22 23 22 21 24 16 25 24 22 32 
37 37 37 27 27 27 27 36 36 36 36 36 36 36 36 26 
24 21 26 33 26 26 26 23 15 15 32 33 33 23 15 15 
21 22 25 27 27 26 26 26 22 24 22 25 25 23 23 24 
17 23 26 21 22 31 22 22 21 27 24 21 24 25 22 22 
22 22 32 32 33 33 23 22 22 26 25 22 26 26 26 26 
3131 24 24 24 24 26 27 27 24 26 24 27 27 26 25 25 
0   24 22 26 15 15 23 22 22 21 22 22 21 23 15 15 
24 21 33 33 22 32 22 24 0   0   0   0   26 23 22 22 
23 22 22 21 22 26 21 22 22 22 22 24 22 23 22 24 
22 21 21 21 26 26 21 22 24 26 21 14 22 17 24 22 
21 21 32 33 33 23 22 21 22 21 27 23 26 25 26 21 
33 33 24 22 23 23 32 32 0   0   0   0   0   0   0   0   
