0   0   23 23 23 25 21 22 22 14 21 21 21 13 26 23 
0   0   26 23 24 22 24 22 16 21 21 22 21 26 26 23 
0   0   24 16 16 21 21 24 22 22 22 21 15 15 15 15 
0   0   41 41 41 41 24 25 26 22 31 31 31 31 26 26 
32 32 24 22 23 25 16 21 21 22 21 27 27 27 27 27 
25 25 25 25 15 15 23 22 22 23 26 31 31 31 31 26 
21 22 21 22 16 21 22 32 32 32 33 33 25 25 25 25 
22 22 22 24 21 25 21 32 32 31 22 22 23 15 15 27 
26 32 33 33 26 26 26 21 21 21 21 22 23 22 22 23 
23 23 23 23 25 25 24 24 21 22 25 25 25 24 22 24 
0   25 22 27 25 26 26 23 23 15 15 24 22 21 22 17 
25 26 26 27 22 22 22 25 0   0   0   0   25 25 25 25 
23 21 22 21 22 21 26 22 21 27 22 22 23 23 25 21 
22 32 32 31 21 22 21 22 21 21 22 24 22 23 25 22 
25 25 25 25 22 22 22 22 23 26 16 16 21 21 27 27 
26 27 27 22 21 22 24 22 0   0   0   0   0   0   0   0   
