0   0   32 25 24 22 21 31 32 23 22 21 22 24 22 22 
0   0   2525 2525 21 21 22 21 24 22 27 25 34 34 32 32 
0   0   16 15 15 22 26 26 23 23 22 21 26 27 21 22 
0   0   25 36 36 36 36 27 27 27 23 31 24 22 21 23 
23 21 22 25 15 15 15 15 32 32 32 32 32 32 32 32 
25 25 25 21 22 15 15 23 15 15 22 23 23 23 23 25 
23 24 21 22 24 21 22 22 22 22 22 22 22 22 22 21 
21 16 25 25 24 24 25 23 23 16 21 22 25 21 26 25 
25 21 26 22 27 26 26 25 21 22 26 24 27 27 27 27 
24 24 22 24 24 23 23 24 21 22 23 21 23 22 21 21 
0   24 21 23 16 22 25 22 22 23 21 32 32 32 32 26 
21 22 21 22 26 25 27 27 0   0   0   0   25 26 22 26 
24 21 26 22 21 16 21 22 24 24 23 24 23 23 22 22 
22 21 24 22 24 22 24 24 26 25 23 24 17 17 17 17 
21 21 27 23 23 22 26 24 21 24 23 23 25 23 23 16 
26 16 21 16 16 16 26 25 0   0   0   0   0   0   0   0   
