0   0   24 32 16 22 26 33 21 22 22 24 21 22 23 23 
0   0   22 21 16 23 22 16 25 25 21 21 21 26 22 22 
0   0   26 21 15 15 23 26 23 31 31 25 25 25 16 21 
0   0   33 33 34 34 34 34 34 25 25 32 32 32 32 31 
32 31 31 21 21 16 16 16 26 25 23 3131 24 24 24 24 
26 25 25 25 25 23 23 25 23 23 32 31 31 31 25 31 
24 22 16 15 15 24 24 22 32 31 31 22 24 24 22 21 
22 24 22 21 22 25 26 23 22 21 23 23 26 26 16 16 
34 34 34 34 27 26 21 22 22 22 22 22 22 23 23 21 
25 25 31 32 32 31 31 27 21 13 13 24 27 26 24 24 
0   25 25 25 23 25 24 24 22 25 23 23 23 22 24 22 
23 24 33 32 33 33 24 22 0   0   0   0   21 26 16 21 
23 23 24 24 25 24 22 22 21 24 22 23 23 16 21 26 
23 23 24 23 23 23 23 22 21 21 16 16 16 16 16 22 
21 22 21 21 21 21 21 22 24 26 26 24 22 16 21 23 
22 22 24 22 26 24 22 23 0   0   0   0   0   0   0   0   
